11111111111111111111111111111111111111000000000000000000000000000000000000000000000000000000000000000000000000000000000000000000
11111111111111111111111111111111111111000000000000000000000000000000000000000000000000000000000000000000000000000000000000000000
11111111111111111111111111111111111110000000000000000000000000000000000000000000000000000000000000000000000000000000000000000000
11111111111111111111111111111111111110000000000000000000000000000000000000000000000000000000000000000000000000000000000000000000
11111111111111111111111111111111111100000000000000000000000000000000000000000000000000000000000000000000000000000000000000000000
11111111111111111111111111111110000000000000000000000000000000000000000000000000000000000000000000000000000000000000000000000000
11111111111111111111111111111000000000000000000000000000000000000000000000000000000000000000000000000000000000000000000000000000
11111111111111111111111111100000000000000000000000000000000000000000000000000000000000000000000000000000000000000000000000000000
11111111111111111111111111000000000000000000000000000000000000000000000000000000000000000000000000000000000000000000000000000000
11111111111111111111111110000000000000000000000000000000000000000000000000000000000000000000000000000000000000000000000000000000
11111111111111111111111110000000000000000000000000000000000000000000000000000000000000000000000000000000000000000000000000000000
11111111111111111111111100000000000000000000000000000000000000000000000000000000000000000000000000000000000000000000000000000000
11111111111111111111111100000000000000000000000000000000000000000000000000000000000000000000000000000000000000000000000000000000
11111111111111111111111000000000000000000000000000000000000000000000000000000000000000000000000000000000000000000000000000000000
11111111111111111110000000000000000000000000000000000011111111100000000000000000000000000000000000000000000000000000000000000000
11111111111111111000000000000000000000000000000001111111111111110000000000000000000000000000000000000000000000000000000000000000
11111111111111110000000000000000000000000000111111111111111111111000000000000000000000000000000000000000000000000000000000000000
11111111111111100000000000000000000000000111111111111111111111111110000000000000000000000000000000000000000000000000000000000000
11111111111111000000000000000000000000011111111111111111111111111111000000000000000000000000000000000000000000000000000000000000
11111111111100000000000000000000000011111111111111111111111111111111100000000000000000000000000000000000000000000000000000000000
11111111111000000000000000000000000011111111111111111111111111111111110000000000000000000000000000000000000000000000000000000000
11111111100000000000000000000000000111111111111111111111111111111111111000000000000000000000000000000000000000000000000000000000
11111110000000000000000000000000000111111111111111111111111111111111111110000000000000000000000000000000000000000000000000000000
11111100000000000000000000000000000111111111111111111111111111111111111111000000000000000000000000000000000000000000000000000000
11110000000000000000000000000000000111111111111111111111111111111111111111100000000000000000000000000000000000000000000000000000
11100000000000000000000000000000000011111111111111111111111111111111111111100000000000000000000000000000000000000000000000000000
11000000000000000000000000000000000000111111111111111111111111111111111111111000000000000000000000000000000000000000000000000000
10000000000000000000000000000000000000011111111111111111111111111111111111111100000000000000000000000000000000000000000000000000
00000000000000000000000000000000000000001111111111111111111111111111111111111110000000000000000000000000000000000000000000000000
00000000000000000000000000000000000000000011111111111111111111111111111111111111000000000000000000000000000000000000000000000000
00000000000000000000000000000000000000000011111111111111111111111111111111111111100000000000000000000000000000000000000000000000
00000000000000000000000000000000000000000011111111111111111111111111111111111111100000000000000000000000000000000000000000000000
00000000000000000000000000000000000000000000111111111111111111111111111111111111100000000000000000000000000000000000000000000000
00000000000000000000000000000000000000000000011111111111111111111111111111111111000000000000000000000000000000000000000000000000
00000000000000000000000000000000000000000000001111111111111111111111111111111101000000000000000000000000000000000000000000000000
00000000000000000000000000000000000000000000000111111111111111111111111111111110000000000000000000000000000000000000000000000000
00000000000000000000000000000000000000000000000011111111111111111111111111111100000000000000000000000000000000000000000000000000
00000000000000000011111100000000000000000000000001111111111111111111111111111100000000000000000000000000000000000000000000000000
00000000000000000111111110000000000000000000000000111111111111111111111111111000000000000000000000000000000000000000000000000000
00000000000000000111111111100000000000000000000000011111111111111111111110000000000000000000000000000000000000000000000000000000
00000000000000000111111111110000000000000000000000001111111111111111111111000000000000000000000000000000000000000000000000000000
00000000000000000111111111111000000000000000000000000011111111111111111110000000000000000000000000000000000000000000000000000000
00000000000000001111111111111000000000000000000000000001111111111111111000000000000000000000000000000000000000000000000000000000
00000000000000001111111111111100000000000000000000000000111111111111100000000000000000000000000000000000000000000000000000000000
00000000000000001111111111111110000000000000000000000000011111111111000000000000000000000000000000000000000000000000000000000000
00000000000000001111111111111111000000000000000000000000001111111111000000000000000000000000000000000000000000000000000000000000
00000000000000001111111111111111110000000000000000000000000111111100000000000000000000000000000000000000000000000000000000000000
00000000000000001111111111111111111000000000000000000000000111111100000000000000000000000000000000000000000000000000000000000000
00000000000000001111111111111111111100000000000000000000000000000000000000000000000000000000000111000000000000000000000000000000
00000000000000001111111111111111111111000000000000000000000000000000000000000000000000000000001111110000000000000000000000000000
00000000000000001111111111111111111111100000000000000000000000000000000000000000000000000000111111101000000000000000000000000000
00000000000000001111111111111111111111110000000000000000000000000000000000000000000000000001111111111100000000000000000000000000
00000000000000001111111111111111111111111000000000000000000000000000000000000000000000000011111111111110000000000000000000000000
00000000000000001111111111111111111111111000000000000000000000000000000000000000000000000111111111111111000000000000000000000000
00000000000000001111111111111111111111111100000000000000000000000000000000000000000000001111111111111111100000000000000000000000
00000000000000001111111111111111111111111111000000000000000000000000000000000000000000011111111111111111100000000000000000000000
00000000000000001111111111111111111111111111100000000000000000000000000000000000000001111111111111111111100000000000000000000000
00000000000000001111111111111111111111111111110000000000000000000000000000000000000011111111111111111111111100000000000000000000
00000000000000001111111111111111111111111111111000000000000000000000000000000000000111111111111111111111111100000000000000000000
00000000000000001111111111111111111111111111111000000000000000000000000000000000000111111111111111111111111110000000000000000000
00000000000000001111111111111111111111111111111000000000000000000000000000000000001111111111111111111111111111000000000000000000
00000000000000001111111111111111111111111111111100000000000000000000000000000000011111111111111111111111111111100000000000000000
00000000000000000111111111111111111111111111111110000000000000000000000000000000111111111111111111111111111111111100000000000000
00000000000000000111111111111111111111111111111111000000000000000000000000000001111111111111111111111111111111111000000000000000
00000000000000000101111111111111111111111111111111000000000000000000000000000001111111111111111111111111111111111000000000000000
00000000000000000011111111111111111111111111111111000000000000000000000000000001111111111111111111111111111111111110000000000000
00000000000000000001111111111111111111111111111111000000000000000000000000000001111111111111111111111111111111111110000000000000
00000000000000000000111111111111111111111111111110000000000000000000000000000001111111111111111111111111111111111100000000000000
00000000000000000000011111111111111111111111111100000000000000000000000000000000111111111111111111111111111111111100000000000000
00000000000000000000001111111111111111111111111000000000000000000000000000000000011111111111111111111111111111111100000000000000
00000000000000000000000111111111111111111111010000000000000000000000000000000000001111111111111111111111111111111100000000000000
00000000000000000000000111111111111111111111000000000000000000000000000000000000000111111111111111111111111111111100000000000000
00000000000000000000000001111111111111111110000000000000000000000000000000000000000011111111111111111111111111111100000000000000
00000000000000000000000000111111111111111100000000000000000000000000000000000000000001111111111111111111111111111100000000000000
00000000000000000000000000001111111111111000000000000000000000000000000000000000000000001111111111111111111111111100000000000000
00000000000000000000000000000111111111111000000000000000000000000000000000000000000000000111111111111111111111111100000000000000
00000000000000000000000000000111111111100000000000000000000000000000000000000000000000000111111111111111111111111000000000000000
00000000000000000000000000000011111110000000000000000000000000000000000000000000000000000011111111111111111111111000000000000000
00000000000000000000000000000001111100000000000000000000000000000000000000000000000000000001111111111111111111111000000000000000
00000000000000000000000000000000100000000000000000000000000000000000000000000000000000000000111111111111111111111000000000000000
00000000000000000000000000000000000000000000000000000000000000111111000000000000000000000000010111111111111111111000000000000000
00000000000000000000000000000000000000000000000000000000000001111111110000000000000000000000001111111111111111110000000000000000
00000000000000000000000000000000000000000000000000000000000011111111111000000000000000000000000011111111111111110000000000000000
00000000000000000000000000000000000000000000000000000000000111111111111100000000000000000000000001111111111111110000000000000000
00000000000000000000000000000000000000000000000000000000001111111111111110000000000000000000000000111111111111110000000000000000
00000000000000000000000000000000000000000000000000000000011111111111111111000000000000000000000000011111111111110000000000000000
00000000000000000000000000000000000000000000000000000000111111111111111111100000000000000000000000001111111111110000000000000000
00000000000000000000000000000000000000000000000000000011111111111111111111110000000000000000000000000111111111110000000000000000
00000000000000000000000000000000000000000000000000000111111111111111111111111000000000000000000000000011111111100000000000000000
00000000000000000000000000000000000000000000000000011111111111111111111111111100000000000000000000000001111111100000000000000000
00000000000000000000000000000000000000000000000000011111111111111111111111111110000000000000000000000000111110000000000000000000
00000000000000000000000000000000000000000000000000111111111111111111111111111111000000000000000000000000000000000000000000000000
00000000000000000000000000000000000000000000000000111111111111111111111111111111100000000000000000000000000000000000000000000000
00000000000000000000000000000000000000000000000001111111111111111111111111111111110000000000000000000000000000000000000000000000
00000000000000000000000000000000000000000000000001111111111111111111111111111111111000000000000000000000000000000000000000000000
00000000000000000000000000000000000000000000000001111111111111111111111111111111111100000000000000000000000000000000000000000000
00000000000000000000000000000000000000000000000001111111111111111111111111111111111110000000000000000000000000000000000000000000
00000000000000000000000000000000000000000000000000111111111111111111111111111111111111000000000000000000000000000000000000000000
00000000000000000000000000000000000000000000000000011111111111111111111111111111111111100000000000000000000000000000000000000000
00000000000000000000000000000000000000000000000000001111111111111111111111111111111111110000000000000000000000000000000000000000
00000000000000000000000000000000000000000000000000000111111111111111111111111111111111111000000000000000000000000000000000000000
00000000000000000000000000000000000000000000000000000011111111111111111111111111111111111100000000000000000000000000000000000000
00000000000000000000000000000000000000000000000000000001111111111111111111111111111111111110000000000000000000000000000000000001
00000000000000000000000000000000000000000000000000000001111111111111111111111111111111111110000000000000000000000000000000000001
00000000000000000000000000000000000000000000000000000000011111111111111111111111111111111111000000000000000000000000000000000111
00000000000000000000000000000000000000000000000000000000001111111111111111111111111111111111000000000000000000000000000000001111
00000000000000000000000000000000000000000000000000000000000111111111111111111111111111111111000000000000000000000000000000011111
00000000000000000000000000000000000000000000000000000000000011111111111111111111111111111100000000000000000000000000000000111111
00000000000000000000000000000000000000000000000000000000000001111111111111111111111111111100000000000000000000000000000000111111
00000000000000000000000000000000000000000000000000000000000000111111111111111111111111110000000000000000000000000000000011111111
00000000000000000000000000000000000000000000000000000000000000000000000000000000000000000000000000000000000000000000000011111111
00000000000000000000000000000000000000000000000000000000000000000000000000000000000000000000000000000000000000000000000111111111
00000000000000000000000000000000000000000000000000000000000000000000000000000000000000000000000000000000000000000000011111111111
00000000000000000000000000000000000000000000000000000000000000000000000000000000000000000000000000000000000000000000111111111111
00000000000000000000000000000000000000000000000000000000000000000000000000000000000000000000000000000000000000000001111111111111
00000000000000000000000000000000000000000000000000000000000000000000000000000000000000000000000000000000000000000011111111111111
00000000000000000000000000000000000000000000000000000000000000000000000000000000000000000000000000000000000000001111111111111111
00000000000000000000000000000000000000000000000000000000000000000000000000000000000000000000000000000000000000011111111111111111
00000000000000000000000000000000000000000000000000000000000000000000000000000000000000000000000000000000000000111111111111111111
00000000000000000000000000000000000000000000000000000000000000000000000000000000000000000000000000000000000011111111111111111111
00000000000000000000000000000000000000000000000000000000000000000000000000000000000000000000000000000000000111111111111111111111
00000000000000000000000000000000000000000000000000000000000000000000000000000000000000000000000000000000001111111111111111111111
00000000000000000000000000000000000000000000000000000000000000000000000000000000000000000000000000000000011111111111111111111111
00000000000000000000000000000000000000000000000000000000000000000000000000000000000000000000000000000000111111111111111111111111
00000000000000000000000000000000000000000000000000000000000000000000000000000000000000000000000000000001111111111111111111111111
00000000000000000000000000000000000000000000000000000000000000000000000000000000000000000000000000000011111111111111111111111111
00000000000000000000000000000000000000000000000000000000000000000000000000000000000000000000000000001111111111111111111111111111
00000000000000000000000000000000000000000000000000000000000000000000000000000000000000000000000000111111111111111111111111111111
